10 0
1010 0
2010 0
3010 0
4010 0.001
5010 0.001
6010 0.001
7010 0.001
8010 0.001
9010 0.002
10010 0.002
11010 0.002
12010 0.002
13010 0.002
14010 0.003
15010 0.002
16010 0.002
17010 0.002
18010 0.003
19010 0.002
20010 0.002
21010 0.003
22010 0.004
23010 0.004
24010 0.003
25010 0.004
26010 0.003
27010 0.004
28010 0.004
29010 0.004
30010 0.004
31010 0.004
32010 0.005
33010 0.005
34010 0.004
35010 0.005
36010 0.005
37010 0.005
38010 0.005
39010 0.007
40010 0.006
41010 0.006
42010 0.006
43010 0.006
44010 0.006
45010 0.006
46010 0.007
47010 0.007
48010 0.007
49010 0.007
50010 0.007
51010 0.008
52010 0.007
53010 0.008
54010 0.008
55010 0.009
56010 0.009
57010 0.008
58010 0.009
59010 0.011
60010 0.009
61010 0.01
62010 0.009
63010 0.01
64010 0.01
65010 0.009
66010 0.01
67010 0.01
68010 0.01
69010 0.01
70010 0.01
71010 0.011
72010 0.011
73010 0.011
74010 0.011
75010 0.011
76010 0.011
77010 0.012
78010 0.011
79010 0.014
80010 0.012
81010 0.012
82010 0.012
83010 0.012
84010 0.013
85010 0.013
86010 0.013
87010 0.013
88010 0.013
89010 0.013
90010 0.014
91010 0.014
92010 0.014
93010 0.013
94010 0.014
95010 0.014
96010 0.015
97010 0.015
98010 0.015
99010 0.015
100010 0.015
101010 0.015
102010 0.016
103010 0.016
104010 0.015
105010 0.016
106010 0.016
107010 0.017
108010 0.017
109010 0.017
110010 0.017
111010 0.017
112010 0.018
113010 0.019
114010 0.017
115010 0.017
116010 0.017
117010 0.018
118010 0.018
119010 0.018
120010 0.018
121010 0.017
122010 0.018
123010 0.019
124010 0.019
125010 0.019
126010 0.018
127010 0.019
128010 0.019
129010 0.02
130010 0.02
131010 0.02
132010 0.02
133010 0.02
134010 0.02
135010 0.019
136010 0.021
137010 0.021
138010 0.024
139010 0.024
140010 0.021
141010 0.022
142010 0.022
143010 0.022
144010 0.022
145010 0.022
146010 0.023
147010 0.023
148010 0.023
149010 0.023
150010 0.024
151010 0.024
152010 0.024
153010 0.024
154010 0.023
155010 0.023
156010 0.024
157010 0.024
158010 0.024
159010 0.024
160010 0.025
161010 0.025
162010 0.025
163010 0.025
164010 0.025
165010 0.026
166010 0.025
167010 0.026
168010 0.026
169010 0.026
170010 0.031
171010 0.026
172010 0.027
173010 0.027
174010 0.027
175010 0.027
176010 0.027
177010 0.028
178010 0.028
179010 0.029
180010 0.028
181010 0.028
182010 0.029
183010 0.028
184010 0.028
185010 0.028
186010 0.029
187010 0.03
188010 0.035
189010 0.029
190010 0.03
191010 0.031
192010 0.03
193010 0.03
194010 0.03
195010 0.031
196010 0.033
197010 0.03
198010 0.031
199010 0.032
200010 0.031
201010 0.031
202010 0.031
203010 0.031
204010 0.033
205010 0.034
206010 0.032
207010 0.033
208010 0.032
209010 0.033
210010 0.033
211010 0.033
212010 0.032
213010 0.032
214010 0.033
215010 0.033
216010 0.034
217010 0.034
218010 0.034
219010 0.039
220010 0.035
221010 0.035
222010 0.034
223010 0.035
224010 0.036
225010 0.034
226010 0.041
227010 0.036
228010 0.035
229010 0.036
230010 0.035
231010 0.036
232010 0.037
233010 0.041
234010 0.036
235010 0.036
236010 0.038
237010 0.038
238010 0.038
239010 0.039
240010 0.038
241010 0.038
242010 0.039
243010 0.038
244010 0.038
245010 0.039
246010 0.042
247010 0.039
248010 0.039
249010 0.039
250010 0.04
251010 0.04
252010 0.041
253010 0.04
254010 0.039
255010 0.04
256010 0.041
257010 0.041
258010 0.042
259010 0.042
260010 0.042
261010 0.041
262010 0.043
263010 0.042
264010 0.041
265010 0.043
266010 0.042
267010 0.042
268010 0.043
269010 0.042
270010 0.046
271010 0.042
272010 0.045
273010 0.043
274010 0.043
275010 0.047
276010 0.046
277010 0.044
278010 0.043
279010 0.045
280010 0.043
281010 0.044
282010 0.044
283010 0.045
284010 0.049
285010 0.046
286010 0.047
287010 0.048
288010 0.046
289010 0.047
290010 0.046
291010 0.046
292010 0.046
293010 0.047
294010 0.047
295010 0.047
296010 0.046
297010 0.047
298010 0.047
299010 0.048
300010 0.048
301010 0.047
302010 0.047
303010 0.048
304010 0.048
305010 0.049
306010 0.049
307010 0.05
308010 0.053
309010 0.049
310010 0.05
311010 0.049
312010 0.052
313010 0.055
314010 0.05
315010 0.05
316010 0.049
317010 0.053
318010 0.053
319010 0.05
320010 0.05
321010 0.052
322010 0.051
323010 0.054
324010 0.052
325010 0.051
326010 0.053
327010 0.052
328010 0.055
329010 0.051
330010 0.054
331010 0.055
332010 0.056
333010 0.056
334010 0.054
335010 0.054
336010 0.055
337010 0.057
338010 0.055
339010 0.054
340010 0.055
341010 0.057
342010 0.055
343010 0.054
344010 0.055
345010 0.055
346010 0.054
347010 0.057
348010 0.057
349010 0.056
350010 0.058
351010 0.056
352010 0.056
353010 0.056
354010 0.057
355010 0.06
356010 0.056
357010 0.06
358010 0.06
359010 0.059
360010 0.057
361010 0.057
362010 0.059
363010 0.058
364010 0.061
365010 0.058
366010 0.058
367010 0.065
368010 0.061
369010 0.059
370010 0.06
371010 0.058
372010 0.059
373010 0.061
374010 0.06
375010 0.063
376010 0.061
377010 0.061
378010 0.063
379010 0.061
380010 0.06
381010 0.061
382010 0.061
383010 0.061
384010 0.062
385010 0.061
386010 0.065
387010 0.066
388010 0.062
389010 0.066
390010 0.062
391010 0.062
392010 0.068
393010 0.061
394010 0.063
395010 0.065
396010 0.064
397010 0.069
398010 0.063
399010 0.066
400010 0.067
401010 0.065
402010 0.065
403010 0.065
404010 0.065
405010 0.066
406010 0.068
407010 0.066
408010 0.069
409010 0.066
410010 0.069
411010 0.065
412010 0.069
413010 0.069
414010 0.068
415010 0.067
416010 0.066
417010 0.067
418010 0.068
419010 0.067
420010 0.067
421010 0.073
422010 0.068
423010 0.07
424010 0.068
425010 0.071
426010 0.068
427010 0.068
428010 0.072
429010 0.069
430010 0.068
431010 0.07
432010 0.069
433010 0.069
434010 0.069
435010 0.073
436010 0.069
437010 0.073
438010 0.075
439010 0.072
440010 0.073
441010 0.07
442010 0.074
443010 0.074
444010 0.072
445010 0.072
446010 0.072
447010 0.077
448010 0.073
449010 0.072
450010 0.072
451010 0.075
452010 0.075
453010 0.073
454010 0.074
455010 0.072
456010 0.074
457010 0.072
458010 0.074
459010 0.075
460010 0.079
461010 0.077
462010 0.079
463010 0.077
464010 0.076
465010 0.075
466010 0.075
467010 0.075
468010 0.08
469010 0.077
470010 0.077
471010 0.075
472010 0.075
473010 0.076
474010 0.078
475010 0.077
476010 0.078
477010 0.079
478010 0.079
479010 0.076
480010 0.077
481010 0.077
482010 0.081
483010 0.079
484010 0.081
485010 0.084
486010 0.078
487010 0.084
488010 0.084
489010 0.08
490010 0.082
491010 0.08
492010 0.082
493010 0.079
494010 0.079
495010 0.083
496010 0.08
497010 0.08
498010 0.08
499010 0.084
500010 0.086
501010 0.08
502010 0.081
503010 0.082
504010 0.082
505010 0.08
506010 0.08
507010 0.084
508010 0.082
509010 0.086
510010 0.085
511010 0.082
512010 0.088
513010 0.084
514010 0.085
515010 0.084
516010 0.089
517010 0.084
518010 0.083
519010 0.085
520010 0.09
521010 0.084
522010 0.086
523010 0.088
524010 0.085
525010 0.088
526010 0.09
527010 0.084
528010 0.091
529010 0.088
530010 0.087
531010 0.09
532010 0.086
533010 0.086
534010 0.093
535010 0.093
536010 0.089
537010 0.093
538010 0.089
539010 0.087
540010 0.086
541010 0.091
542010 0.087
543010 0.088
544010 0.094
545010 0.092
546010 0.088
547010 0.088
548010 0.092
549010 0.092
550010 0.09
551010 0.095
552010 0.096
553010 0.095
554010 0.096
555010 0.091
556010 0.096
557010 0.093
558010 0.094
559010 0.095
560010 0.093
561010 0.091
562010 0.094
563010 0.092
564010 0.102
565010 0.099
566010 0.092
567010 0.097
568010 0.091
569010 0.091
570010 0.092
571010 0.097
572010 0.096
573010 0.102
574010 0.098
575010 0.095
576010 0.096
577010 0.098
578010 0.099
579010 0.098
580010 0.098
581010 0.099
582010 0.096
583010 0.102
584010 0.099
585010 0.098
586010 0.1
587010 0.1
588010 0.098
589010 0.103
590010 0.099
591010 0.098
592010 0.103
593010 0.098
594010 0.105
595010 0.101
596010 0.104
597010 0.102
598010 0.097
599010 0.106
600010 0.096
601010 0.099
602010 0.106
603010 0.102
604010 0.104
605010 0.105
606010 0.105
607010 0.107
608010 0.102
609010 0.103
610010 0.103
611010 0.114
612010 0.102
613010 0.103
614010 0.102
615010 0.106
616010 0.102
617010 0.1
618010 0.102
619010 0.1
620010 0.105
621010 0.104
622010 0.105
623010 0.109
624010 0.109
625010 0.104
626010 0.106
627010 0.106
628010 0.108
629010 0.102
630010 0.113
631010 0.106
632010 0.107
633010 0.107
634010 0.111
635010 0.111
636010 0.109
637010 0.113
638010 0.106
639010 0.11
640010 0.113
641010 0.113
642010 0.105
643010 0.113
644010 0.106
645010 0.111
646010 0.111
647010 0.114
648010 0.114
649010 0.11
650010 0.113
651010 0.112
652010 0.114
653010 0.107
654010 0.113
655010 0.111
656010 0.115
657010 0.118
658010 0.111
659010 0.112
660010 0.118
661010 0.114
662010 0.111
663010 0.116
664010 0.112
665010 0.109
666010 0.117
667010 0.112
668010 0.119
669010 0.118
670010 0.115
671010 0.117
672010 0.12
673010 0.119
674010 0.119
675010 0.117
676010 0.118
677010 0.112
678010 0.119
679010 0.111
680010 0.112
681010 0.12
682010 0.111
683010 0.12
684010 0.117
685010 0.112
686010 0.112
687010 0.118
688010 0.118
689010 0.115
690010 0.119
691010 0.116
692010 0.122
693010 0.115
694010 0.118
695010 0.124
696010 0.124
697010 0.118
698010 0.121
699010 0.118
700010 0.117
701010 0.121
702010 0.123
703010 0.124
704010 0.126
705010 0.119
706010 0.128
707010 0.114
708010 0.124
709010 0.127
710010 0.125
711010 0.123
712010 0.12
713010 0.127
714010 0.129
715010 0.122
716010 0.124
717010 0.118
718010 0.122
719010 0.123
720010 0.126
721010 0.118
722010 0.127
723010 0.123
724010 0.118
725010 0.125
726010 0.121
727010 0.123
728010 0.129
729010 0.124
730010 0.134
731010 0.127
732010 0.134
733010 0.126
734010 0.131
735010 0.173
736010 0.132
737010 0.13
738010 0.244
739010 0.126
740010 0.13
741010 0.131
742010 0.126
743010 0.132
744010 0.167
745010 0.125
746010 0.147
747010 0.131
748010 0.134
749010 0.147
750010 0.136
751010 0.141
752010 0.131
753010 0.132
754010 0.133
755010 0.13
756010 0.145
757010 0.169
758010 0.133
759010 0.126
760010 0.138
761010 0.124
762010 0.128
763010 0.127
764010 0.129
765010 0.157
766010 0.132
767010 0.135
768010 0.125
769010 0.126
770010 0.126
771010 0.132
772010 0.134
773010 0.13
774010 0.129
775010 0.147
776010 0.193
777010 0.127
778010 0.127
779010 0.127
780010 0.13
781010 0.127
782010 0.137
783010 0.133
784010 0.128
785010 0.131
786010 0.127
787010 0.129
788010 0.135
789010 0.134
790010 0.129
791010 0.13
792010 0.135
793010 0.135
794010 0.134
795010 0.139
796010 0.135
797010 0.13
798010 0.13
799010 0.138
800010 0.131
801010 0.141
802010 0.135
803010 0.132
804010 0.137
805010 0.133
806010 0.133
807010 0.136
808010 0.135
809010 0.138
810010 0.134
811010 0.139
812010 0.137
813010 0.131
814010 0.134
815010 0.14
816010 0.142
817010 0.143
818010 0.135
819010 0.133
820010 0.139
821010 0.142
822010 0.146
823010 0.141
824010 0.139
825010 0.135
826010 0.135
827010 0.149
828010 0.136
829010 0.145
830010 0.142
831010 0.146
832010 0.148
833010 0.143
834010 0.141
835010 0.137
836010 0.149
837010 0.139
838010 0.137
839010 0.141
840010 0.14
841010 0.143
842010 0.144
843010 0.145
844010 0.138
845010 0.141
846010 0.144
847010 0.142
848010 0.14
849010 0.144
850010 0.139
851010 0.149
852010 0.141
853010 0.151
854010 0.154
855010 0.14
856010 0.153
857010 0.154
858010 0.144
859010 0.147
860010 0.141
861010 0.153
862010 0.153
863010 0.152
864010 0.141
865010 0.144
866010 0.145
867010 0.145
868010 0.15
869010 0.141
870010 0.189
871010 0.242
872010 0.2
873010 0.163
874010 0.166
875010 0.172
876010 0.159
877010 0.144
878010 0.182
879010 0.146
880010 0.172
881010 0.169
882010 0.165
883010 0.145
884010 0.152
885010 0.145
886010 0.145
887010 0.156
888010 0.144
889010 0.15
890010 0.152
891010 0.146
892010 0.184
893010 0.189
894010 0.152
895010 0.155
896010 0.153
897010 0.15
898010 0.152
899010 0.155
900010 0.153
901010 0.151
902010 0.149
903010 0.158
904010 0.162
905010 0.153
906010 0.152
907010 0.164
908010 0.151
909010 0.155
910010 0.159
911010 0.16
912010 0.158
913010 0.156
914010 0.154
915010 0.157
916010 0.157
917010 0.163
918010 0.156
919010 0.152
920010 0.156
921010 0.158
922010 0.149
923010 0.174
924010 0.195
925010 0.204
926010 0.178
927010 0.178
928010 0.153
929010 0.163
930010 0.152
931010 0.155
932010 0.163
933010 0.154
934010 0.153
935010 0.165
936010 0.154
937010 0.159
938010 0.158
939010 0.157
940010 0.165
941010 0.165
942010 0.16
943010 0.167
944010 0.163
945010 0.169
946010 0.163
947010 0.164
948010 0.156
949010 0.159
950010 0.171
951010 0.16
952010 0.155
953010 0.159
954010 0.158
955010 0.157
956010 0.165
957010 0.164
958010 0.156
959010 0.162
960010 0.162
961010 0.161
962010 0.158
963010 0.161
964010 0.162
965010 0.161
966010 0.167
967010 0.163
968010 0.159
969010 0.165
970010 0.168
971010 0.16
972010 0.163
973010 0.17
974010 0.159
975010 0.168
976010 0.17
977010 0.165
978010 0.164
979010 0.172
980010 0.161
981010 0.166
982010 0.172
983010 0.162
984010 0.173
985010 0.167
986010 0.163
987010 0.166
988010 0.167
989010 0.166
990010 0.173
991010 0.175
992010 0.171
993010 0.166
994010 0.168
995010 0.174
996010 0.175
997010 0.166
998010 0.167
999010 0.174
