10 0
1010 0
2010 0.001
3010 0.001
4010 0.002
5010 0.002
6010 0.003
7010 0.004
8010 0.005
9010 0.005
10010 0.005
11010 0.006
12010 0.006
13010 0.007
14010 0.008
15010 0.008
16010 0.01
17010 0.009
18010 0.01
19010 0.011
20010 0.011
21010 0.012
22010 0.013
23010 0.014
24010 0.015
25010 0.015
26010 0.015
27010 0.02
28010 0.017
29010 0.018
30010 0.018
31010 0.017
32010 0.02
33010 0.022
34010 0.021
35010 0.022
36010 0.022
37010 0.023
38010 0.023
39010 0.025
40010 0.027
41010 0.026
42010 0.026
43010 0.026
44010 0.027
45010 0.032
46010 0.026
47010 0.028
48010 0.027
49010 0.028
50010 0.029
51010 0.03
52010 0.03
53010 0.03
54010 0.03
55010 0.042
56010 0.032
57010 0.031
58010 0.033
59010 0.033
60010 0.033
61010 0.034
62010 0.039
63010 0.034
64010 0.034
65010 0.035
66010 0.036
67010 0.036
68010 0.05
69010 0.04
70010 0.04
71010 0.037
72010 0.037
73010 0.038
74010 0.038
75010 0.039
76010 0.039
77010 0.04
78010 0.04
79010 0.04
80010 0.04
81010 0.041
82010 0.041
83010 0.041
84010 0.04
85010 0.051
86010 0.043
87010 0.043
88010 0.042
89010 0.043
90010 0.046
91010 0.044
92010 0.048
93010 0.045
94010 0.046
95010 0.046
96010 0.045
97010 0.046
98010 0.046
99010 0.047
100010 0.047
101010 0.048
102010 0.049
103010 0.048
104010 0.05
105010 0.056
106010 0.049
107010 0.049
108010 0.05
109010 0.051
110010 0.049
111010 0.052
112010 0.052
113010 0.051
114010 0.051
115010 0.051
116010 0.05
117010 0.052
118010 0.052
119010 0.053
120010 0.053
121010 0.054
122010 0.053
123010 0.059
124010 0.056
125010 0.055
126010 0.056
127010 0.054
128010 0.057
129010 0.054
130010 0.057
131010 0.057
132010 0.056
133010 0.057
134010 0.057
135010 0.057
136010 0.058
137010 0.058
138010 0.06
139010 0.059
140010 0.068
141010 0.059
142010 0.06
143010 0.059
144010 0.06
145010 0.06
146010 0.061
147010 0.061
148010 0.061
149010 0.062
150010 0.062
151010 0.062
152010 0.063
153010 0.062
154010 0.063
155010 0.071
156010 0.063
157010 0.064
158010 0.065
159010 0.063
160010 0.064
161010 0.066
162010 0.064
163010 0.065
164010 0.066
165010 0.066
166010 0.067
167010 0.065
168010 0.067
169010 0.073
170010 0.067
171010 0.069
172010 0.069
173010 0.068
174010 0.07
175010 0.069
176010 0.07
177010 0.07
178010 0.069
179010 0.07
180010 0.077
181010 0.071
182010 0.074
183010 0.072
184010 0.072
185010 0.072
186010 0.072
187010 0.072
188010 0.073
189010 0.074
190010 0.073
191010 0.073
192010 0.074
193010 0.074
194010 0.074
195010 0.081
196010 0.075
197010 0.076
198010 0.075
199010 0.076
200010 0.076
201010 0.076
202010 0.077
203010 0.076
204010 0.076
205010 0.077
206010 0.078
207010 0.077
208010 0.086
209010 0.078
210010 0.079
211010 0.079
212010 0.08
213010 0.08
214010 0.08
215010 0.08
216010 0.08
217010 0.081
218010 0.08
219010 0.091
220010 0.087
221010 0.082
222010 0.082
223010 0.082
224010 0.083
225010 0.084
226010 0.082
227010 0.083
228010 0.084
229010 0.084
230010 0.094
231010 0.087
232010 0.086
233010 0.085
234010 0.084
235010 0.085
236010 0.087
237010 0.088
238010 0.09
239010 0.087
240010 0.089
241010 0.097
242010 0.088
243010 0.088
244010 0.088
245010 0.089
246010 0.088
247010 0.089
248010 0.09
249010 0.089
250010 0.09
251010 0.095
252010 0.092
253010 0.09
254010 0.092
255010 0.091
256010 0.093
257010 0.091
258010 0.094
259010 0.093
260010 0.095
261010 0.093
262010 0.098
263010 0.095
264010 0.094
265010 0.094
266010 0.097
267010 0.095
268010 0.095
269010 0.096
270010 0.096
271010 0.104
272010 0.097
273010 0.097
274010 0.097
275010 0.097
276010 0.141
277010 0.148
278010 0.14
279010 0.357
280010 0.181
281010 0.18
282010 0.146
283010 0.149
284010 0.136
285010 0.144
286010 0.146
287010 0.144
288010 0.137
289010 0.118
290010 0.101
291010 0.1
292010 0.111
293010 0.104
294010 0.104
295010 0.103
296010 0.11
297010 0.112
298010 0.108
299010 0.105
300010 0.105
301010 0.116
302010 0.106
303010 0.11
304010 0.111
305010 0.112
306010 0.11
307010 0.11
308010 0.105
309010 0.109
310010 0.13
311010 0.143
312010 0.114
313010 0.114
314010 0.117
315010 0.109
316010 0.109
317010 0.117
318010 0.112
319010 0.114
320010 0.112
321010 0.11
322010 0.123
323010 0.115
324010 0.11
325010 0.111
326010 0.123
327010 0.113
328010 0.112
329010 0.111
330010 0.116
331010 0.114
332010 0.112
333010 0.114
334010 0.122
335010 0.114
336010 0.114
337010 0.115
338010 0.119
339010 0.117
340010 0.116
341010 0.116
342010 0.127
343010 0.116
344010 0.116
345010 0.118
346010 0.12
347010 0.116
348010 0.119
349010 0.118
350010 0.128
351010 0.118
352010 0.12
353010 0.132
354010 0.121
355010 0.119
356010 0.12
357010 0.125
358010 0.12
359010 0.124
360010 0.122
361010 0.124
362010 0.122
363010 0.121
364010 0.121
365010 0.134
366010 0.123
367010 0.123
368010 0.127
369010 0.124
370010 0.124
371010 0.125
372010 0.126
373010 0.137
374010 0.125
375010 0.133
376010 0.126
377010 0.125
378010 0.126
379010 0.129
380010 0.135
381010 0.136
382010 0.13
383010 0.13
384010 0.128
385010 0.127
386010 0.132
387010 0.14
388010 0.129
389010 0.147
390010 0.13
391010 0.13
392010 0.13
393010 0.133
394010 0.136
395010 0.132
396010 0.135
397010 0.134
398010 0.131
399010 0.133
400010 0.137
401010 0.146
402010 0.135
403010 0.136
404010 0.135
405010 0.133
406010 0.136
407010 0.138
408010 0.142
409010 0.138
410010 0.137
411010 0.136
412010 0.135
413010 0.137
414010 0.137
415010 0.143
416010 0.139
417010 0.137
418010 0.138
419010 0.144
420010 0.142
421010 0.139
422010 0.147
423010 0.159
424010 0.139
425010 0.14
426010 0.144
427010 0.14
428010 0.152
429010 0.142
430010 0.142
431010 0.141
432010 0.141
433010 0.145
434010 0.143
435010 0.151
436010 0.145
437010 0.143
438010 0.144
439010 0.15
440010 0.142
441010 0.156
442010 0.147
443010 0.145
444010 0.145
445010 0.147
446010 0.145
447010 0.153
448010 0.155
449010 0.151
450010 0.149
451010 0.151
452010 0.148
453010 0.151
454010 0.16
455010 0.148
456010 0.148
457010 0.153
458010 0.15
459010 0.155
460010 0.164
461010 0.161
462010 0.167
463010 0.156
464010 0.158
465010 0.153
466010 0.172
467010 0.155
468010 0.157
469010 0.185
470010 0.156
471010 0.217
472010 0.203
473010 0.204
474010 0.197
475010 0.189
476010 0.224
477010 0.168
478010 0.163
479010 0.16
480010 0.159
481010 0.227
482010 0.196
483010 0.213
484010 0.208
485010 0.22
486010 0.203
487010 0.167
488010 0.172
489010 0.167
490010 0.173
491010 0.164
492010 0.222
493010 0.187
494010 0.165
495010 0.165
496010 0.169
497010 0.175
498010 0.173
499010 0.17
500010 0.182
501010 0.186
502010 0.189
503010 0.169
504010 0.168
505010 0.169
506010 0.194
507010 0.189
508010 0.163
509010 0.178
510010 0.17
511010 0.17
512010 0.165
513010 0.173
514010 0.171
515010 0.169
516010 0.169
517010 0.17
518010 0.168
519010 0.173
520010 0.167
521010 0.174
522010 0.175
523010 0.173
524010 0.18
525010 0.179
526010 0.176
527010 0.21
528010 0.175
529010 0.177
530010 0.177
531010 0.177
532010 0.171
533010 0.171
534010 0.178
535010 0.193
536010 0.19
537010 0.192
538010 0.181
539010 0.18
540010 0.187
541010 0.181
542010 0.174
543010 0.175
544010 0.178
545010 0.192
546010 0.178
547010 0.192
548010 0.174
549010 0.175
550010 0.19
551010 0.174
552010 0.178
553010 0.175
554010 0.175
555010 0.187
556010 0.178
557010 0.181
558010 0.178
559010 0.186
560010 0.188
561010 0.178
562010 0.21
563010 0.177
564010 0.179
565010 0.189
566010 0.179
567010 0.181
568010 0.181
569010 0.182
570010 0.184
571010 0.182
572010 0.202
573010 0.181
574010 0.182
575010 0.188
576010 0.186
577010 0.184
578010 0.184
579010 0.189
580010 0.199
581010 0.196
582010 0.185
583010 0.184
584010 0.184
585010 0.197
586010 0.187
587010 0.187
588010 0.188
589010 0.186
590010 0.189
591010 0.187
592010 0.206
593010 0.187
594010 0.192
595010 0.196
596010 0.19
597010 0.19
598010 0.19
599010 0.193
600010 0.201
601010 0.211
602010 0.191
603010 0.197
604010 0.208
605010 0.207
606010 0.194
607010 0.193
608010 0.197
609010 0.243
610010 0.202
611010 0.199
612010 0.202
613010 0.206
614010 0.211
615010 0.242
616010 0.248
617010 0.212
618010 0.209
619010 0.208
620010 0.201
621010 0.207
622010 0.199
623010 0.23
624010 0.214
625010 0.2
626010 0.196
627010 0.203
628010 0.197
629010 0.197
630010 0.208
631010 0.198
632010 0.208
633010 0.199
634010 0.197
635010 0.199
636010 0.205
637010 0.238
638010 0.199
639010 0.205
640010 0.2
641010 0.21
642010 0.202
643010 0.204
644010 0.207
645010 0.204
646010 0.211
647010 0.203
648010 0.209
649010 0.206
650010 0.238
651010 0.205
652010 0.21
653010 0.203
654010 0.208
655010 0.209
656010 0.206
657010 0.208
658010 0.208
659010 0.211
660010 0.205
661010 0.21
662010 0.207
663010 0.246
664010 0.217
665010 0.211
666010 0.207
667010 0.209
668010 0.215
669010 0.212
670010 0.21
671010 0.214
672010 0.21
673010 0.219
674010 0.214
675010 0.211
676010 0.267
677010 0.219
678010 0.215
679010 0.212
680010 0.211
681010 0.218
682010 0.217
683010 0.213
684010 0.234
685010 0.212
686010 0.227
687010 0.217
688010 0.218
689010 0.219
690010 0.232
691010 0.214
692010 0.23
693010 0.217
694010 0.223
695010 0.223
696010 0.217
697010 0.216
698010 0.224
699010 0.22
700010 0.218
701010 0.217
702010 0.219
703010 0.229
704010 0.219
705010 0.222
706010 0.218
707010 0.229
708010 0.219
709010 0.219
710010 0.22
711010 0.237
712010 0.219
713010 0.223
714010 0.22
715010 0.232
716010 0.221
717010 0.227
718010 0.22
719010 0.224
720010 0.227
721010 0.242
722010 0.223
723010 0.223
724010 0.238
725010 0.226
726010 0.226
727010 0.223
728010 0.236
729010 0.238
730010 0.225
731010 0.226
732010 0.24
733010 0.231
734010 0.226
735010 0.229
736010 0.238
737010 0.231
738010 0.227
739010 0.23
740010 0.24
741010 0.249
742010 0.23
743010 0.23
744010 0.239
745010 0.231
746010 0.229
747010 0.299
748010 0.286
749010 0.335
750010 0.282
751010 0.244
752010 0.237
753010 0.267
754010 0.258
755010 0.249
756010 0.239
757010 0.237
758010 0.239
759010 0.288
760010 0.236
761010 0.258
762010 0.279
763010 0.27
764010 0.261
765010 0.267
766010 0.281
767010 0.276
768010 0.276
769010 0.284
770010 0.278
771010 0.285
772010 0.286
773010 0.295
774010 0.28
775010 0.311
776010 0.339
777010 0.298
778010 0.279
779010 0.287
780010 0.268
781010 0.287
782010 0.296
783010 0.361
784010 0.317
785010 0.283
786010 0.281
787010 0.278
788010 0.321
789010 0.292
790010 0.304
791010 0.348
792010 0.373
793010 0.334
794010 0.307
795010 0.305
796010 0.299
797010 0.305
798010 0.307
799010 0.251
800010 0.255
801010 0.254
802010 0.252
803010 0.249
804010 0.251
805010 0.251
806010 0.248
807010 0.248
808010 0.252
809010 0.252
810010 0.25
811010 0.247
812010 0.256
813010 0.252
814010 0.251
815010 0.249
816010 0.263
817010 0.255
818010 0.249
819010 0.258
820010 0.255
821010 0.251
822010 0.254
823010 0.265
824010 0.256
825010 0.253
826010 0.252
827010 0.265
828010 0.269
829010 0.283
830010 0.264
831010 0.262
832010 0.271
833010 0.252
834010 0.265
835010 0.259
836010 0.255
837010 0.258
838010 0.258
839010 0.259
840010 0.256
841010 0.287
842010 0.258
843010 0.256
844010 0.263
845010 0.267
846010 0.273
847010 0.257
848010 0.273
849010 0.306
850010 0.259
851010 0.264
852010 0.276
853010 0.259
854010 0.263
855010 0.279
856010 0.269
857010 0.269
858010 0.266
859010 0.268
860010 0.262
861010 0.262
862010 0.273
863010 0.263
864010 0.261
865010 0.27
866010 0.277
867010 0.265
868010 0.269
869010 0.27
870010 0.267
871010 0.265
872010 0.27
873010 0.273
874010 0.273
875010 0.274
876010 0.313
877010 0.265
878010 0.272
879010 0.267
880010 0.279
881010 0.266
882010 0.275
883010 0.313
884010 0.27
885010 0.274
886010 0.273
887010 0.28
888010 0.275
889010 0.281
890010 0.306
891010 0.27
892010 0.278
893010 0.278
894010 0.271
895010 0.279
896010 0.275
897010 0.282
898010 0.278
899010 0.274
900010 0.282
901010 0.273
902010 0.28
903010 0.276
904010 0.281
905010 0.285
906010 0.291
907010 0.287
908010 0.281
909010 0.313
910010 0.285
911010 0.283
912010 0.281
913010 0.279
914010 0.283
915010 0.28
916010 0.277
917010 0.295
918010 0.284
919010 0.278
920010 0.288
921010 0.285
922010 0.282
923010 0.289
924010 0.284
925010 0.306
926010 0.281
927010 0.297
928010 0.283
929010 0.281
930010 0.294
931010 0.283
932010 0.284
933010 0.291
934010 0.29
935010 0.299
936010 0.29
937010 0.289
938010 0.29
939010 0.289
940010 0.303
941010 0.293
942010 0.288
943010 0.308
944010 0.286
945010 0.286
946010 0.301
947010 0.327
948010 0.288
949010 0.299
950010 0.292
951010 0.288
952010 0.303
953010 0.292
954010 0.288
955010 0.288
956010 0.308
957010 0.291
958010 0.289
959010 0.311
960010 0.324
961010 0.296
962010 0.321
963010 0.307
964010 0.29
965010 0.321
966010 0.318
967010 0.296
968010 0.308
969010 0.299
970010 0.374
971010 0.304
972010 0.295
973010 0.298
974010 0.302
975010 0.3
976010 0.295
977010 0.304
978010 0.298
979010 0.294
980010 0.309
981010 0.296
982010 0.295
983010 0.32
984010 0.303
985010 0.297
986010 0.321
987010 0.32
988010 0.301
989010 0.303
990010 0.307
991010 0.297
992010 0.335
993010 0.305
994010 0.304
995010 0.303
996010 0.312
997010 0.307
998010 0.304
999010 0.314
