10 0
1010 0.001
2010 0.001
3010 0.002
4010 0.001
5010 0.002
6010 0.003
7010 0.003
8010 0.005
9010 0.005
10010 0.005
11010 0.005
12010 0.007
13010 0.011
14010 0.008
15010 0.007
16010 0.013
17010 0.008
18010 0.009
19010 0.01
20010 0.01
21010 0.012
22010 0.013
23010 0.017
24010 0.013
25010 0.012
26010 0.013
27010 0.013
28010 0.014
29010 0.014
30010 0.015
31010 0.02
32010 0.024
33010 0.022
34010 0.024
35010 0.017
36010 0.018
37010 0.019
38010 0.021
39010 0.02
40010 0.02
41010 0.021
42010 0.021
43010 0.022
44010 0.025
45010 0.033
46010 0.026
47010 0.026
48010 0.026
49010 0.033
50010 0.026
51010 0.026
52010 0.028
53010 0.028
54010 0.028
55010 0.028
56010 0.029
57010 0.029
58010 0.03
59010 0.031
60010 0.033
61010 0.03
62010 0.032
63010 0.033
64010 0.035
65010 0.034
66010 0.035
67010 0.035
68010 0.042
69010 0.038
70010 0.036
71010 0.039
72010 0.038
73010 0.039
74010 0.039
75010 0.04
76010 0.043
77010 0.04
78010 0.041
79010 0.043
80010 0.043
81010 0.044
82010 0.048
83010 0.045
84010 0.045
85010 0.045
86010 0.046
87010 0.047
88010 0.047
89010 0.056
90010 0.048
91010 0.049
92010 0.051
93010 0.051
94010 0.051
95010 0.052
96010 0.052
97010 0.053
98010 0.053
99010 0.054
100010 0.062
101010 0.056
102010 0.055
103010 0.056
104010 0.057
105010 0.057
106010 0.058
107010 0.057
108010 0.058
109010 0.058
110010 0.064
111010 0.059
112010 0.062
113010 0.062
114010 0.063
115010 0.062
116010 0.062
117010 0.064
118010 0.064
119010 0.066
120010 0.065
121010 0.065
122010 0.066
123010 0.069
124010 0.067
125010 0.07
126010 0.069
127010 0.068
128010 0.08
129010 0.07
130010 0.07
131010 0.073
132010 0.082
133010 0.084
134010 0.076
135010 0.074
136010 0.081
137010 0.076
138010 0.078
139010 0.078
140010 0.079
141010 0.077
142010 0.079
143010 0.091
144010 0.08
145010 0.083
146010 0.079
147010 0.082
148010 0.081
149010 0.081
150010 0.09
151010 0.083
152010 0.094
153010 0.085
154010 0.085
155010 0.086
156010 0.087
157010 0.095
158010 0.09
159010 0.088
160010 0.089
161010 0.09
162010 0.091
163010 0.091
164010 0.092
165010 0.104
166010 0.105
167010 0.116
168010 0.101
169010 0.106
170010 0.109
171010 0.096
172010 0.099
173010 0.099
174010 0.106
175010 0.101
176010 0.102
177010 0.1
178010 0.101
179010 0.103
180010 0.11
181010 0.107
182010 0.102
183010 0.102
184010 0.105
185010 0.106
186010 0.112
187010 0.108
188010 0.107
189010 0.11
190010 0.11
191010 0.115
192010 0.11
193010 0.112
194010 0.112
195010 0.109
196010 0.114
197010 0.111
198010 0.113
199010 0.111
200010 0.116
201010 0.127
202010 0.116
203010 0.116
204010 0.115
205010 0.117
206010 0.125
207010 0.117
208010 0.12
209010 0.119
210010 0.121
211010 0.127
212010 0.121
213010 0.121
214010 0.125
215010 0.126
216010 0.122
217010 0.125
218010 0.123
219010 0.126
220010 0.138
221010 0.127
222010 0.128
223010 0.127
224010 0.133
225010 0.13
226010 0.128
227010 0.129
228010 0.136
229010 0.133
230010 0.133
231010 0.133
232010 0.132
233010 0.142
234010 0.134
235010 0.137
236010 0.134
237010 0.143
238010 0.137
239010 0.136
240010 0.138
241010 0.142
242010 0.139
243010 0.139
244010 0.139
245010 0.14
246010 0.143
247010 0.142
248010 0.143
249010 0.145
250010 0.143
251010 0.143
252010 0.148
253010 0.144
254010 0.147
255010 0.147
256010 0.156
257010 0.155
258010 0.15
259010 0.149
260010 0.155
261010 0.162
262010 0.151
263010 0.156
264010 0.152
265010 0.153
266010 0.154
267010 0.156
268010 0.156
269010 0.156
270010 0.158
271010 0.157
272010 0.169
273010 0.159
274010 0.169
275010 0.161
276010 0.163
277010 0.166
278010 0.16
279010 0.168
280010 0.17
281010 0.167
282010 0.164
283010 0.167
284010 0.167
285010 0.165
286010 0.175
287010 0.169
288010 0.169
289010 0.169
290010 0.17
291010 0.175
292010 0.171
293010 0.187
294010 0.178
295010 0.172
296010 0.178
297010 0.177
298010 0.183
299010 0.178
300010 0.178
301010 0.177
302010 0.178
303010 0.179
304010 0.177
305010 0.179
306010 0.182
307010 0.183
308010 0.181
309010 0.183
310010 0.184
311010 0.181
312010 0.192
313010 0.186
314010 0.188
315010 0.192
316010 0.188
317010 0.186
318010 0.187
319010 0.192
320010 0.191
321010 0.188
322010 0.196
323010 0.191
324010 0.193
325010 0.197
326010 0.194
327010 0.194
328010 0.195
329010 0.192
330010 0.206
331010 0.194
332010 0.196
333010 0.204
334010 0.193
335010 0.197
336010 0.216
337010 0.196
338010 0.197
339010 0.208
340010 0.196
341010 0.201
342010 0.208
343010 0.2
344010 0.201
345010 0.21
346010 0.204
347010 0.21
348010 0.202
349010 0.202
350010 0.212
351010 0.207
352010 0.205
353010 0.213
354010 0.208
355010 0.209
356010 0.213
357010 0.209
358010 0.215
359010 0.211
360010 0.211
361010 0.22
362010 0.214
363010 0.215
364010 0.222
365010 0.214
366010 0.22
367010 0.222
368010 0.218
369010 0.216
370010 0.217
371010 0.223
372010 0.226
373010 0.223
374010 0.222
375010 0.227
376010 0.226
377010 0.233
378010 0.225
379010 0.228
380010 0.233
381010 0.234
382010 0.231
383010 0.232
384010 0.232
385010 0.239
386010 0.234
387010 0.231
388010 0.233
389010 0.228
390010 0.237
391010 0.234
392010 0.234
393010 0.235
394010 0.231
395010 0.231
396010 0.234
397010 0.24
398010 0.24
399010 0.235
400010 0.239
401010 0.237
402010 0.241
403010 0.241
404010 0.236
405010 0.252
406010 0.238
407010 0.249
408010 0.239
409010 0.242
410010 0.247
411010 0.243
412010 0.255
413010 0.241
414010 0.255
415010 0.25
416010 0.248
417010 0.249
418010 0.247
419010 0.258
420010 0.248
421010 0.263
422010 0.252
423010 0.251
424010 0.251
425010 0.251
426010 0.255
427010 0.256
428010 0.263
429010 0.254
430010 0.26
431010 0.254
432010 0.259
433010 0.257
434010 0.258
435010 0.257
436010 0.259
437010 0.266
438010 0.261
439010 0.277
440010 0.26
441010 0.274
442010 0.26
443010 0.27
444010 0.267
445010 0.275
446010 0.264
447010 0.273
448010 0.273
449010 0.28
450010 0.275
451010 0.269
452010 0.277
453010 0.275
454010 0.276
455010 0.27
456010 0.277
457010 0.272
458010 0.273
459010 0.277
460010 0.274
461010 0.271
462010 0.273
463010 0.275
464010 0.28
465010 0.279
466010 0.282
467010 0.277
468010 0.28
469010 0.289
470010 0.282
471010 0.285
472010 0.283
473010 0.285
474010 0.285
475010 0.293
476010 0.286
477010 0.296
478010 0.288
479010 0.297
480010 0.289
481010 0.295
482010 0.294
483010 0.293
484010 0.292
485010 0.299
486010 0.29
487010 0.299
488010 0.294
489010 0.294
490010 0.297
491010 0.293
492010 0.292
493010 0.298
494010 0.296
495010 0.296
496010 0.299
497010 0.299
498010 0.316
499010 0.301
500010 0.308
501010 0.302
502010 0.381
503010 0.311
504010 0.313
505010 0.324
506010 0.305
507010 0.343
508010 0.312
509010 0.334
510010 0.317
511010 0.343
512010 0.315
513010 0.308
514010 0.335
515010 0.351
516010 0.337
517010 0.339
518010 0.347
519010 0.353
520010 0.33
521010 0.36
522010 0.358
523010 0.364
524010 0.357
525010 0.339
526010 0.338
527010 0.342
528010 0.332
529010 0.335
530010 0.344
531010 0.334
532010 0.331
533010 0.346
534010 0.379
535010 0.344
536010 0.361
537010 0.349
538010 0.347
539010 0.345
540010 0.346
541010 0.341
542010 0.348
543010 0.343
544010 0.352
545010 0.358
546010 0.335
547010 0.362
548010 0.345
549010 0.368
550010 0.422
551010 0.374
552010 0.39
553010 0.41
554010 0.451
555010 0.343
556010 0.36
557010 0.389
558010 0.38
559010 0.382
560010 0.376
561010 0.345
562010 0.392
563010 0.348
564010 0.342
565010 0.351
566010 0.349
567010 0.35
568010 0.345
569010 0.346
570010 0.354
571010 0.352
572010 0.358
573010 0.35
574010 0.352
575010 0.357
576010 0.352
577010 0.358
578010 0.368
579010 0.36
580010 0.369
581010 0.359
582010 0.362
583010 0.435
584010 0.385
585010 0.378
586010 0.371
587010 0.364
588010 0.359
589010 0.368
590010 0.366
591010 0.361
592010 0.37
593010 0.364
594010 0.381
595010 0.399
596010 0.364
597010 0.374
598010 0.365
599010 0.367
600010 0.389
601010 0.365
602010 0.37
603010 0.377
604010 0.37
605010 0.37
606010 0.384
607010 0.37
608010 0.38
609010 0.375
610010 0.374
611010 0.378
612010 0.375
613010 0.373
614010 0.381
615010 0.383
616010 0.38
617010 0.388
618010 0.384
619010 0.38
620010 0.388
621010 0.383
622010 0.383
623010 0.385
624010 0.389
625010 0.387
626010 0.39
627010 0.383
628010 0.391
629010 0.393
630010 0.385
631010 0.392
632010 0.399
633010 0.39
634010 0.397
635010 0.406
636010 0.394
637010 0.393
638010 0.409
639010 0.394
640010 0.395
641010 0.411
642010 0.404
643010 0.394
644010 0.407
645010 0.409
646010 0.406
647010 0.402
648010 0.421
649010 0.423
650010 0.402
651010 0.421
652010 0.421
653010 0.418
654010 0.403
655010 0.41
656010 0.414
657010 0.418
658010 0.449
659010 0.529
660010 0.427
661010 0.426
662010 0.418
663010 0.416
664010 0.421
665010 0.414
666010 0.426
667010 0.422
668010 0.422
669010 0.417
670010 0.427
671010 0.417
672010 0.426
673010 0.426
674010 0.432
675010 0.424
676010 0.432
677010 0.434
678010 0.437
679010 0.424
680010 0.427
681010 0.434
682010 0.474
683010 0.421
684010 0.425
685010 0.429
686010 0.429
687010 0.43
688010 0.429
689010 0.442
690010 0.44
691010 0.436
692010 0.428
693010 0.445
694010 0.438
695010 0.434
696010 0.436
697010 0.43
698010 0.445
699010 0.437
700010 0.429
701010 0.431
702010 0.468
703010 0.442
704010 0.443
705010 0.445
706010 0.444
707010 0.454
708010 0.447
709010 0.438
710010 0.439
711010 0.454
712010 0.452
713010 0.452
714010 0.447
715010 0.462
716010 0.472
717010 0.468
718010 0.453
719010 0.451
720010 0.452
721010 0.456
722010 0.459
723010 0.451
724010 0.451
725010 0.46
726010 0.452
727010 0.456
728010 0.46
729010 0.461
730010 0.46
731010 0.463
732010 0.463
733010 0.466
734010 0.478
735010 0.47
736010 0.494
737010 0.503
738010 0.478
739010 0.512
740010 0.505
741010 0.478
742010 0.482
743010 0.486
744010 0.479
745010 0.474
746010 0.479
747010 0.479
748010 0.47
749010 0.478
750010 0.497
751010 0.478
752010 0.483
753010 0.484
754010 0.509
755010 0.484
756010 0.482
757010 0.483
758010 0.474
759010 0.482
760010 0.485
761010 0.5
762010 0.745
763010 0.561
764010 0.562
765010 0.481
766010 0.508
767010 0.542
768010 0.753
769010 0.574
770010 0.5
771010 0.502
772010 0.488
773010 0.492
774010 0.497
775010 0.502
776010 0.492
777010 0.492
778010 0.487
779010 0.485
780010 0.491
781010 0.501
782010 0.495
783010 0.496
784010 0.492
785010 0.494
786010 0.495
787010 0.508
788010 0.493
789010 0.503
790010 0.493
791010 0.496
792010 0.5
793010 0.507
794010 0.498
795010 0.498
796010 0.494
797010 0.495
798010 0.5
799010 0.497
800010 0.514
801010 0.513
802010 0.502
803010 0.507
804010 0.5
805010 0.501
806010 0.497
807010 0.519
808010 0.519
809010 0.526
810010 0.517
811010 0.512
812010 0.5
813010 0.499
814010 0.513
815010 0.505
816010 0.516
817010 0.522
818010 0.523
819010 0.525
820010 0.518
821010 0.533
822010 0.526
823010 0.536
824010 0.529
825010 0.528
826010 0.533
827010 0.519
828010 0.531
829010 0.545
830010 0.534
831010 0.533
832010 0.529
833010 0.521
834010 0.52
835010 0.526
836010 0.526
837010 0.524
838010 0.532
839010 0.527
840010 0.534
841010 0.542
842010 0.537
843010 0.539
844010 0.532
845010 0.534
846010 0.53
847010 0.533
848010 0.541
849010 0.551
850010 0.542
851010 0.553
852010 0.551
853010 0.545
854010 0.543
855010 0.547
856010 0.55
857010 0.558
858010 0.545
859010 0.565
860010 0.626
861010 0.549
862010 0.553
863010 0.547
864010 0.56
865010 0.546
866010 0.552
867010 0.539
868010 0.54
869010 0.547
870010 0.561
871010 0.556
872010 0.553
873010 0.562
874010 0.554
875010 0.563
876010 0.559
877010 0.597
878010 0.556
879010 0.575
880010 0.567
881010 0.554
882010 0.564
883010 0.572
884010 0.563
885010 0.563
886010 0.564
887010 0.587
888010 0.572
889010 0.569
890010 0.579
891010 0.571
892010 0.573
893010 0.574
894010 0.645
895010 0.573
896010 0.565
897010 0.568
898010 0.574
899010 0.566
900010 0.561
901010 0.57
902010 0.57
903010 0.575
904010 0.581
905010 0.57
906010 0.566
907010 0.586
908010 0.576
909010 0.571
910010 0.571
911010 0.601
912010 0.578
913010 0.579
914010 0.588
915010 0.578
916010 0.573
917010 0.576
918010 0.576
919010 0.569
920010 0.576
921010 0.574
922010 0.577
923010 0.589
924010 0.579
925010 0.576
926010 0.582
927010 0.587
928010 0.592
929010 0.596
930010 0.599
931010 0.596
932010 0.591
933010 0.59
934010 0.589
935010 0.599
936010 0.591
937010 0.587
938010 0.586
939010 0.603
940010 0.6
941010 0.596
942010 0.589
943010 0.594
944010 0.594
945010 0.592
946010 0.593
947010 0.598
948010 0.598
949010 0.603
950010 0.599
951010 0.608
952010 0.602
953010 0.6
954010 0.599
955010 0.604
956010 0.601
957010 0.6
958010 0.601
959010 0.598
960010 0.612
961010 0.602
962010 0.597
963010 0.6
964010 0.596
965010 0.611
966010 0.609
967010 0.606
968010 0.615
969010 0.615
970010 0.614
971010 0.618
972010 0.62
973010 0.617
974010 0.625
975010 0.621
976010 0.612
977010 0.621
978010 0.619
979010 0.62
980010 0.621
981010 0.63
982010 0.699
983010 0.868
984010 0.62
985010 0.625
986010 0.618
987010 0.625
988010 0.629
989010 0.634
990010 0.626
991010 0.63
992010 0.635
993010 0.629
994010 0.634
995010 0.622
996010 0.626
997010 0.624
998010 0.629
999010 0.63
